   9.5280895e-01  -2.2489368e-01   2.0280454e-01   0
   2.2009717e-01   9.7414321e-01   4.6214309e-02   0
  -2.0795397e-01   6.0329916e-04   9.7812809e-01  0
   0.0000000e+00   0.0000000e+00   0.0000000e+00   1.0000000e+00
Units: mm